Solution found!
[[9,3,7,5][2,6,11,1][4,10,8,0]]
[[9,3,7,5][2,6,11,1][4,10,0,8]]
[[9,3,7,5][2,6,0,1][4,10,11,8]]
[[9,3,0,5][2,6,7,1][4,10,11,8]]
[[9,3,5,0][2,6,7,1][4,10,11,8]]
[[9,3,5,1][2,6,7,0][4,10,11,8]]
[[9,3,5,1][2,6,0,7][4,10,11,8]]
[[9,3,5,1][2,0,6,7][4,10,11,8]]
[[9,0,5,1][2,3,6,7][4,10,11,8]]
[[9,5,0,1][2,3,6,7][4,10,11,8]]
[[9,5,1,0][2,3,6,7][4,10,11,8]]
[[9,5,1,7][2,3,6,0][4,10,11,8]]
[[9,5,1,7][2,3,0,6][4,10,11,8]]
[[9,5,1,7][2,0,3,6][4,10,11,8]]
[[9,5,1,7][0,2,3,6][4,10,11,8]]
[[9,5,1,7][4,2,3,6][0,10,11,8]]
[[9,5,1,7][4,2,3,6][10,0,11,8]]
[[9,5,1,7][4,0,3,6][10,2,11,8]]
[[9,5,1,7][0,4,3,6][10,2,11,8]]
[[0,5,1,7][9,4,3,6][10,2,11,8]]
[[5,0,1,7][9,4,3,6][10,2,11,8]]
[[5,1,0,7][9,4,3,6][10,2,11,8]]
[[5,1,3,7][9,4,0,6][10,2,11,8]]
[[5,1,3,7][9,0,4,6][10,2,11,8]]
[[5,1,3,7][9,2,4,6][10,0,11,8]]
[[5,1,3,7][9,2,4,6][0,10,11,8]]
[[5,1,3,7][0,2,4,6][9,10,11,8]]
[[0,1,3,7][5,2,4,6][9,10,11,8]]
[[1,0,3,7][5,2,4,6][9,10,11,8]]
[[1,3,0,7][5,2,4,6][9,10,11,8]]
[[1,3,4,7][5,2,0,6][9,10,11,8]]
[[1,3,4,7][5,2,6,0][9,10,11,8]]
[[1,3,4,0][5,2,6,7][9,10,11,8]]
[[1,3,0,4][5,2,6,7][9,10,11,8]]
[[1,0,3,4][5,2,6,7][9,10,11,8]]
[[1,2,3,4][5,0,6,7][9,10,11,8]]
[[1,2,3,4][5,6,0,7][9,10,11,8]]
[[1,2,3,4][5,6,7,0][9,10,11,8]]
[[1,2,3,4][5,6,7,8][9,10,11,0]]
38 Moves
Nodes expanded: 0
Nodes unexpanded: 0

